7.500000000000000000e+01
8.400000000000000000e+01
9.600000000000000000e+01
7.500000000000000000e+01
8.600000000000000000e+01
9.600000000000000000e+01
8.000000000000000000e+01
1.310000000000000000e+02
9.700000000000000000e+01
9.800000000000000000e+01
1.350000000000000000e+02
1.160000000000000000e+02
1.250000000000000000e+02
1.130000000000000000e+02
1.390000000000000000e+02
1.340000000000000000e+02
1.100000000000000000e+02
1.560000000000000000e+02
1.340000000000000000e+02
1.100000000000000000e+02
1.530000000000000000e+02
1.280000000000000000e+02
1.100000000000000000e+02
1.440000000000000000e+02
1.140000000000000000e+02
1.100000000000000000e+02
1.320000000000000000e+02
