1.400000000000000000e+02
1.680000000000000000e+02
1.800000000000000000e+02
1.400000000000000000e+02
1.700000000000000000e+02
1.800000000000000000e+02
1.450000000000000000e+02
1.920000000000000000e+02
1.810000000000000000e+02
1.480000000000000000e+02
1.500000000000000000e+02
2.000000000000000000e+02
1.640000000000000000e+02
1.150000000000000000e+02
2.210000000000000000e+02
1.510000000000000000e+02
1.100000000000000000e+02
2.250000000000000000e+02
1.450000000000000000e+02
1.100000000000000000e+02
2.060000000000000000e+02
1.340000000000000000e+02
1.100000000000000000e+02
1.780000000000000000e+02
1.170000000000000000e+02
1.100000000000000000e+02
1.450000000000000000e+02
