2.987945663562550891e+01
2.689050778131965203e+01
3.350624605592083327e+01
2.981819523115229487e+01
2.883504146605665852e+01
3.350624605592083327e+01
3.479836859572141350e+01
7.811446105488616354e+01
3.450624605592083327e+01
5.303670474656576062e+01
1.145293940458324045e+02
5.350624605592081906e+01
8.307372943857789949e+01
1.113333333333333286e+02
7.571300682663903103e+01
1.078505784826880642e+02
1.100000000000000000e+02
8.975973835708281001e+01
1.124919239448110631e+02
1.100000000000000000e+02
9.835069066467653442e+01
1.112644157088122654e+02
1.100000000000000000e+02
1.110420238095238119e+02
1.112000000000000028e+02
1.100000000000000000e+02
1.129178571428571587e+02
