1.140000000000000000e+02
1.310000000000000000e+02
1.530000000000000000e+02
1.140000000000000000e+02
1.330000000000000000e+02
1.530000000000000000e+02
1.190000000000000000e+02
1.660000000000000000e+02
1.540000000000000000e+02
1.300000000000000000e+02
1.470000000000000000e+02
1.730000000000000000e+02
1.500000000000000000e+02
1.150000000000000000e+02
1.940000000000000000e+02
1.480000000000000000e+02
1.100000000000000000e+02
2.000000000000000000e+02
1.440000000000000000e+02
1.100000000000000000e+02
1.850000000000000000e+02
1.330000000000000000e+02
1.100000000000000000e+02
1.670000000000000000e+02
1.160000000000000000e+02
1.100000000000000000e+02
1.410000000000000000e+02
