1.700000000000000000e+01
1.200000000000000000e+01
1.600000000000000000e+01
1.700000000000000000e+01
1.400000000000000000e+01
1.600000000000000000e+01
2.200000000000000000e+01
7.000000000000000000e+01
1.700000000000000000e+01
4.400000000000000000e+01
1.120000000000000000e+02
3.600000000000000000e+01
7.700000000000000000e+01
1.110000000000000000e+02
5.900000000000000000e+01
1.060000000000000000e+02
1.100000000000000000e+02
7.700000000000000000e+01
1.110000000000000000e+02
1.100000000000000000e+02
9.200000000000000000e+01
1.110000000000000000e+02
1.100000000000000000e+02
1.070000000000000000e+02
1.110000000000000000e+02
1.100000000000000000e+02
1.110000000000000000e+02
